3
3

26
1.0 -1.0 -1.0
1.0 0.0 -1.0
1.0 1.0 -1.0
0.0 -1.0 -1.0
0.0 0.0 -1.0
0.0 1.0 -1.0
-1.0 -1.0 -1.0
-1.0 0.0 -1.0
-1.0 1.0 -1.0
1.0 -1.0 0.0
1.0 0.0 0.0
1.0 1.0 0.0
0.0 -1.0 0.0
0.0 0.0 0.0
0.0 1.0 0.0
-1.0 -1.0 0.0
-1.0 0.0 0.0
-1.0 1.0 0.0
1.0 -1.0 1.0
1.0 0.0 1.0
0.0 -1.0 1.0
0.0 0.0 1.0
0.0 1.0 1.0
-1.0 -1.0 1.0
-1.0 0.0 1.0
-1.0 1.0 1.0

48
0 1 10
0 10 9
1 2 11
1 11 10
9 10 19
9 19 18
10 11 14
10 14 13
10 13 21
10 21 19
13 14 21
14 22 21
2 5 14
2 14 11
5 8 17
5 17 14
14 17 25
14 25 22
18 19 21
18 21 20
20 21 24
20 24 23
21 22 25
21 25 24
0 4 1
0 3 4
1 5 2
1 4 5
3 7 4
3 6 7
4 8 5
4 7 8
0 9 3
3 9 12
3 12 6
6 12 15
9 18 12
12 18 20
12 20 15
15 20 23
6 15 7
7 15 16
7 16 8
8 16 17
15 23 16
16 23 24
16 24 17
17 24 25
